CONFIRMATION(20254/21063=0.961591416227508>=0.96): t=1120 tip_root=0x2622c3026b6617667c59692d14f20249d43ff842b0f15f863e48af9487dc3a23 tip_slot=1024
CONFIRMATION(20281/21063=0.9628732849071832>=0.96): t=1152 tip_root=0x952851d8c8bb216796b7ebb0e6048194650a08c46894f25cab97b0db1f25ceac tip_slot=1055
CONFIRMATION(20226/21063=0.960262070930067>=0.96): t=1184 tip_root=0x946dd56127121d321043e906927b5eb6556267c6eb9db6b1b7450f23e52eff33 tip_slot=1088
CONFIRMATION(20256/21063=0.9616863694630394>=0.96): t=1408 tip_root=0x09c36b794dac18b8dcae17b815e4bc7a45582d50e30db9761253cd4bdd55941d tip_slot=1312
CONFIRMATION(20300/21099=0.9621309066780416>=0.96): t=1728 tip_root=0x42d74d7105116e1ba23ff724d530bc670ae74481df551047dda03a3fcaddd55e tip_slot=1632
CONFIRMATION(20284/21103=0.9611903520826423>=0.96): t=1760 tip_root=0x0ffe314d7304761899f25bb4f8697dc5178c0be5cdea8e846ba4670accb3788b tip_slot=1664
CONFIRMATION(20380/21107=0.9655564504666698>=0.96): t=1792 tip_root=0x6c46590297190c58f7b6580f4989d32c71137d46e73ad53bd8b9a01f75b142ed tip_slot=1696
CONFIRMATION(20398/21119=0.9658601259529334>=0.96): t=1888 tip_root=0x6da65a40d5e9beee83d246979b6d96164230845595e9b5cd8cc83630d1fb6bd5 tip_slot=1792
CONFIRMATION(20423/21139=0.9661289559581816>=0.96): t=2048 tip_root=0xeb6da2c7d76dcadaf189e02776b1b1bf6ce9373645d8056a067417ef89677580 tip_slot=1952
CONFIRMATION(20325/21143=0.961311072222485>=0.96): t=2080 tip_root=0xf0d878dbb9a085063b1bf0a6f72df5f8e13ff0eab4aa10595c4d1f6218b94cd8 tip_slot=1984
CONFIRMATION(20318/21147=0.9607982219700194>=0.96): t=2112 tip_root=0x229544f9930cf513e6fe33ca7b655d198f8e4ea4c278363ff95291ba9d699872 tip_slot=2016
CONFIRMATION(20454/21151=0.9670464753439554>=0.96): t=2144 tip_root=0xa873f2bb9e0aa19add9a65bcad38835b5e7bb331ffdebf8f0b51604f8baad904 tip_slot=2048
CONFIRMATION(20472/21155=0.9677144883006381>=0.96): t=2176 tip_root=0x15af014a2ca0637edc3826457a32e94f2bf8217c5d9f7350b03beb80ac6c2cbe tip_slot=2080
CONFIRMATION(20422/21159=0.9651684862233565>=0.96): t=2208 tip_root=0x12d51bdf609c9687288dcc22a5c3312cc2a526d3edaa9d9dd8eb41c2574d98cf tip_slot=2112
CONFIRMATION(20400/21163=0.9639465104191277>=0.96): t=2240 tip_root=0x71dff2dc1185b1da9cdf7ecc056774f2a8dad6f0b7220c289660ce98b8692407 tip_slot=2144
CONFIRMATION(20383/21167=0.9629612132092408>=0.96): t=2272 tip_root=0x003f18053330b3a95203b16a406b28e00f43f1d3f35121157899aaa4952257b1 tip_slot=2176
CONFIRMATION(20445/21171=0.9657078078503614>=0.96): t=2304 tip_root=0x19af17d412df3801ed144ee99182892f2c414df7b43f139d5e3e88f3c6841bbb tip_slot=2208
CONFIRMATION(20435/21175=0.9650531286894923>=0.96): t=2336 tip_root=0x76d6c85c7bbe42ab9ac8f6cbd59bb31e74174fb4ae1b0cedddfbc4d6334ce4a0 tip_slot=2240
CONFIRMATION(20435/21179=0.9648708626469616>=0.96): t=2368 tip_root=0x959edd33b9ed1ca5f87c202dac38f855db0759bbab97484493d5ad03c8251e99 tip_slot=2272
CONFIRMATION(20484/21183=0.9670018410989945>=0.96): t=2400 tip_root=0x08568877ac3702a5fe48c1300903c67b79210f0aba4a2db2c6f589e99a996683 tip_slot=2304
CONFIRMATION(20474/21187=0.9663472884315855>=0.96): t=2432 tip_root=0x8a48ca26604bf4a41da3630787f5487d899b6be512fa0c8d2ae372a5d9158ef0 tip_slot=2336
CONFIRMATION(20479/21191=0.9664008305412675>=0.96): t=2464 tip_root=0xfd4486b579007064eef3a0af7874de1a38ac00a16c57fda73c58b178bfbcc542 tip_slot=2368
CONFIRMATION(20487/21199=0.9664135100712298>=0.96): t=2528 tip_root=0xa0b62ee1875522f8e18a4a4e50a4fe6a655f22892eb51696fea3f49104a524e7 tip_slot=2432
CONFIRMATION(20382/21203=0.9612790642833561>=0.96): t=2560 tip_root=0x0d72b139a646b610523a0cda1aff5e2d2233eacfe2f2a32388d7964bfc0c84c2 tip_slot=2464
